# # # /---------------------------------------------------------------------------------/
Camera_Matrix_USB: !!opencv-matrix
   rows: 3
   cols: 3
   dt: d
   data: [ 1200.9,  0.000000000000,  134.8634,  0.000000000000,  1196.2,  366.1528,  0.000000000000,  0.000000000000,  1.000000000000] 
  #745.2902   428.6153
Distortion_Coefficients_USB: !!opencv-matrix
   rows: 1
   cols: 5
   dt: d
   data: [-0.3524,  0.2160,  0,  0,  0] #[ -0.4235, -0.0311, 0.0017, -0.0019, 0]
# # # /---------------------------------------------------------------------------------/
