# 哨兵上云台
MV_Sentry:
    #内参矩阵
    Intrinsic: [3626.5098590324505,  0.000000000000,  689.1283950373454,
                   0.000000000000,  3626.285156056285,  582.7004766963166,
                    0.000000000000,  0.000000000000,  1.000000000000]
    #畸变参数矩阵，k1,k2,k3,p1,p2
    Coeff: [-0.04251601401350153, 0.963321415304225, -0.0009602427973179668, -0.006641239457517189, 0.0]
    #x,y,z坐标偏移量(相机至枪管),单位m
    xyz_offset: [0,0,0]
    #yaw,pitch角度偏移量,单位度
    angle_offset: [-1.5, -1.75]
    #使用迭代法求解pitch补偿的最大迭代次数
    max_iter: 10
    #停止迭代的最小误差(单位m)
    stop_error: 0.001
    #龙格库塔法求解落点的迭代次数
    R_K_iter: 60

    #陀螺仪到相机的变换矩阵 R_c = T_ci * R_i
    T_ci: [  0.02617095,   0.99945437,  -0.02015029,  -0.00043464,
             0.1181205,   -0.02310774,  -0.99273037,   0.00326701,
            -0.99265433,  0.02360054, -0.1186608,  -0.00323944,
            0,          0,          0,          1        ]
    #相机到陀螺仪的变换矩阵 R_i = T_ic * R_c
    T_ic: [ 0.02617095,   0.1181205,   -0.99265433, -0.00359017,
            0.99945437,  -0.02310774,   0.02360054,  0.00058635,
            -0.02015029, -0.99273037,  -0.1186608,   0.00285011,
            0,          0,          0,         1       ]
    #陀螺仪至云台转轴中心平移向量 R_g = R_i - T_iw
    T_iw: [-0.03, -0.05, -0.02]

# 哨兵下云台
KE0200110076:
    #内参矩阵
    Intrinsic: [1673.885947,  0.000000000000,  649.000553,
                   0.000000000000,  1678.230815,  483.866587,
                    0.000000000000,  0.000000000000,  1.000000000000]
    #畸变参数矩阵，k1,k2,k3,p1,p2
    Coeff: [-0.059247, 0.042376, 0, 0.001615, 0.000831]
    #x,y,z坐标偏移量(相机至枪管),单位m
    xyz_offset: [0,0,0]
    #yaw,pitch角度偏移量,单位度
    angle_offset: [0.5,1]
    #使用迭代法求解pitch补偿的最大迭代次数
    max_iter: 10
    #停止迭代的最小误差(单位m)
    stop_error: 0.001
    #龙格库塔法求解落点的迭代次数
    R_K_iter: 60

    #陀螺仪到相机的变换矩阵 R_c = T_ci * R_i
    T_ci: [0.0106869, 0.99950186, -0.02969544, 0,
        0.01352137, 0.02954998, 0.99947185, 0.1458,
        0.99985147, -0.01108278, -0.01319884, -0.13,
        0,              0,              0,              1]
    #相机到陀螺仪的变换矩阵 R_i = T_ic * R_c
    T_ic: [ 0.0106869, 0.01352137, 0.99985147, 0.13,
        0.99950186, 0.02954998, -0.01108278, -0,
        -0.02969544, 0.99947185, -0.01319884, -0.1458,
        0,            0,              0,              1]
    #陀螺仪至云台转轴中心平移向量 R_g = R_i - T_iw
    T_iw: [0.02549, 0, -0.09566]

# 4号步兵
KE0200110075:
    #陀螺仪坐标系：枪口反方向为x轴正向，弹舱舵机右侧为y轴正向，垂直向上为z轴正向
    #内参矩阵
    Intrinsic: [1673.424472385629,  0.000000000000,  637.8832545589809,
                0.000000000000,  1675.7985620485485,  504.2286845853391,
                0.000000000000,  0.000000000000,  1.000000000000]
    Coeff: [-0.058880415613303524, 0.09971916846980647, -0.002214233751008686, 0.0003401562523311091, 0]
    #x,y,z坐标偏移量(相机至枪管),单位m
    xyz_offset: [0,0,0]
    #yaw,pitch角度偏移量,单位度
    angle_offset: [-1.0,1]
    #使用迭代法求解pitch补偿的最大迭代次数
    max_iter: 10
    #停止迭代的最小误差(单位m)
    stop_error: 0.001
    #龙格库塔法求解落点的迭代次数
    R_K_iter: 50
    #陀螺仪到相机的变换矩阵 R_c = T_ci * R_i
    T_ci:  [-0.04923536,0.99832596,0.03035069,-0.0001569, 
            -0.00286999,0.03024601,-0.99953836,0.00126626,
            -0.99878308,-0.04929974,0.00137601,-0.2468961,
             0.        ,0.        ,0.         ,1.          ]
    #相机到陀螺仪的变换矩阵 R_i = T_ic * R_c
    T_ic: [-0.04923536,-0.00286999,-0.99878308,-0.2466366,
            0.99832596, 0.03024601,-0.04929974,-0.00109885,
            0.03035069,-0.99953836, 0.00137601, 0.00130441,
            0.        , 0.        , 0.        , 1.        ]
    #陀螺仪至云台转轴中心平移向量 R_g = R_i - T_iw
    T_iw: [-0.1, 0, -0.05]
   

# 英雄
KE0200110073:
    #内参矩阵
    Intrinsic: [2698.827362329015,  0.000000000000,  546.7063077542075,
                0.000000000000,  2696.309910781674,  520.5967245740635,
                0.000000000000,  0.000000000000,  1.000000000000]
    Coeff: [-0.06309596308353797, 1.732187425756329, 0.002708884415836156, -0.013838703105633987, 0.0] 
    #x,y,z坐标偏移量(相机至枪管),单位m P_barrel = P_cam + offset
    xyz_offset: [0,-0.07,0]
    #角度偏移量,单位度
    angle_offset: [-1.85, -1.3]
    #使用迭代法求解pitch补偿的最大迭代次数
    max_iter: 10
    #停止迭代的最小误差(单位m)
    stop_error: 0.001
    #龙格库塔法求解落点的迭代次数
    R_K_iter: 50
    #陀螺仪到相机的变换矩阵 R_c = T_ci * R_i
    T_ci: [ 0.03478619,  -0.99927904, -0.01520945, -0.00030282,
            -0.01128566, 0.01482491,  -0.99982641,  0.00205435,
            0.99933105,  0.0349518,   -0.01076182, -0.00477433,
            0,           0,           0,          1        ]
    #相机到陀螺仪的变换矩阵 R_i = T_ic * R_c
    T_ic: [ 0.03478619, -0.01128566,  0.99933105,  0.00480486,
            -0.99927904,  0.01482491,  0.0349518,  -0.00016618,
            -0.01520945, -0.99982641, -0.01076182,  0.00199801,
            0,          0,          0,          1        ]
    #陀螺仪至云台转轴中心平移向量 R_g = R_i - T_iw
    T_iw: [-0.045, -0.01, 0.13]
   
# 3号步兵
KE0200110074:
    #内参矩阵
    Intrinsic: [1673.424472385629,  0.000000000000,  637.8832545589809,
                    0.000000000000,  1675.7985620485485,  504.2286845853391,
                    0.000000000000,  0.000000000000,  1.000000000000]
    #畸变参数矩阵，k1,k2,k3,p1,p2
    Coeff: [-0.058880415613303524, 0.09971916846980647, -0.002214233751008686, 0.0003401562523311091]
    #x,y,z坐标偏移量(相机至枪管),单位m
    xyz_offset: [0,0,0]
    #yaw,pitch角度偏移量,单位度
    angle_offset: [-1,2.5]
    #使用迭代法求解pitch补偿的最大迭代次数
    max_iter: 10
    #停止迭代的最小误差(单位m)
    stop_error: 0.001
    #龙格库塔法求解落点的迭代次数
    R_K_iter: 50
    #陀螺仪到相机的变换矩阵 R_c = T_ci * R_i
    T_ci: [ 0.00741479 ,0.99653649  ,-0.08282545 ,0.01111486,
           -0.04520383 ,-0.08240902 ,-0.99557288 ,0.00670747,
           -0.99895027 ,0.01112599  ,0.04443622  ,-0.077358,  
            0          ,0           ,0            ,1        ]
    #相机到陀螺仪的变换矩阵 R_i = T_ic * R_c
    T_ic: [ 0.00741479 ,-0.04520383 ,-0.99895027 ,-0.07705601,
            0.99653649 ,-0.08240902 , 0.01112599 ,-0.00966292,
           -0.08282545 ,-0.99557288 , 0.04443622 , 0.01103587,
            0          ,0           ,0           ,1        ]
    #陀螺仪至云台转轴中心平移向量 R_w = R_i - T_iw
    T_iw: [0, 0, -0.02]